2
5
6
37
42
47
58
59
79
80
86
97
101
114
133
137
140
164
166
173
179
181
192
205
208
225
238
240
247
257
262
271
284
292
294
324
329
334
342
343
345
347
354
356
362
374
376
377
379
382
384
412
421
425
431
453
462
463
487
495
496
501
506
516
527
536
544
552
558
560
572
573
587
595
613
631
637
640
652
654
671
673
689
693
697
706
716
724
729
730
742
777
796
803
820
828
850
865
866
872
884
890
899
915
925
930
938
953
957
965
969
974
977
985
986
1006
1007
1010
1028
1030
1034
1046
1051
1056
1063
1074
1089
1108
1123
1125
1136
1145
1150
1158
1159
1168
1187
1198
1202
1209
1213
1220
1222
1241
1251
1261
1265
1267
1279
1285
1301
1305
1330
1367
1371
1372
1374
1376
1405
1407
1414
1425
1434
1440
1443
1451
1453
1455
1461
1488
1489
1509
1512
1513
1527
1580
1585
1604
1607
1614
1631
1646
1647
1658
1665
1676
1689
1691
1693
1701
1715
1718
1730
1733
1741
1747
1753
1767
1768
1772
1773
1788
1798
1803
1811
1829
1855
1876
1878
1884
1893
1898
1913
1919
1920
1928
1930
1934
1940
1942
1946
1953
1957
1962
1965
1967
1985
2026
2028
2029
2032
2038
2044
2053
2067
2097
2109
2117
2118
2127
2158
2182
2201
2205
2226
2256
2270
2285
2305
2333
2345
2350
2355
2360
2367
2370
2386
2391
2392
2404
2414
2428
2430
2433
2436
2441
2442
2444
2447
2449
2467
2479
2500
2506
2509
2535
2546
2548
2550
2552
2553
2556
2560
2581
2598
2603
2606
2607
2619
2620
2625
2652
2660
2668
2675
2680
2684
2687
2690
2693
2727
2734
2740
2745
2788
2790
2800
2804
2826
2828
2851
2853
2866
2867
2870
2875
2881
2884
2889
2890
2902
2906
2907
2916
2921
2922
2937
2945
2969
2977
2981
2983
2989
3001
3010
3036
3046
3054
3062
3074
3099
3102
3116
3133
3152
3169
3173
3178
3202
3220
3230
3235
3237
3250
3253
3260
3270
3271
3276
3278
3292
3295
3312
3316
3320
3322
3325
3350
3353
3381
3385
3393
3395
3403
3407
3422
3429
3434
3453
3454
3456
3459
3485
3508
3511
3519
3526
3547
3555
3565
3578
3594
3617
3619
3628
3633
3671
3707
3728
3746
3760
3763
3769
3770
3783
3798
3802
3813
3824
3831
3852
3858
3863
3870
3872
3879
3889
3897
3905
3911
3925
3926
3932
3933
3937
3942
3949
3968
3999
4004
4011
4030
4032
4055
4100
4115
4123
4127
4137
4142
4149
4157
4195
4219
4222
4225
4243
4247
4254
4298
4300
4328
4345
4371
4381
4390
4406
4410
4432
4449
4450
4451
4462
4465
4469
4481
4482
4483
4495
4497
4507
4508
4511
4518
4531
4541
4542
4550
4552
4566
4589
4590
4597
4599
4601
4603
4611
4612
4633
4640
4645
4648
4681
4688
4689
4694
4723
4738
4745
4749
4750
4751
4755
4761
4769
4776
4804
4809
4844
4847
4856
4857
4878
4886
4899
4955
4998
5015
5019
5020
5025
5031
5032
5043
5049
5072
5083
5095
5099
5106
5112
5126
5143
5152
5156
5165
5174
5175
5190
5191
5194
5217
5222
5231
5238
5245
5249
5252
5265
5269
5291
5293
5300
5302
5306
5307
5325
5332
5340
5349
5350
5371
5413
5427
5431
5439
5454
5455
5456
5472
5475
5481
5484
5497
5499
5518
5539
5553
5554
5559
5572
5576
5578
5583
5593
5605
5606
5625
5635
5637
5644
5652
5670
5675
5681
5683
5712
5729
5740
5746
5750
5763
5767
5777
5783
5788
5790
5811
5823
5833
5834
5840
5870
5878
5880
5904
5910
5919
5931
5939
5948
5953
5961
5971
5977
5991
5993
6004
6018
6047
6048
6051
6052
6061
6077
6083
6100
6123
6131
6143
6152
6166
6168
6172
6181
6184
6197
6217
6228
6246
6251
6268
6274
6303
6316
6320
6328
6331
6337
6339
6351
6353
6360
6403
6464
6489
6493
6501
6505
6522
6532
6536
6539
6545
6547
6558
6567
6599
6605
6609
6621
6636
6669
6687
6690
6699
6701
6717
6724
6726
6731
6734
6745
6755
6768
6792
6794
6795
6802
6820
6841
6842
6845
6858
6861
6873
6888
6889
6891
6898
6902
6911
6920
6928
6933
6936
6939
6943
6948
6957
6963
6968
6972
6975
6982
6997
7018
7029
7032
7042
7047
7057
7075
7082
7101
7112
7120
7121
7124
7125
7131
7133
7138
7155
7160
7175
7176
7201
7215
7217
7228
7232
7237
7239
7240
7247
7267
7286
7287
7292
7294
7295
7298
7306
7309
7310
7319
7326
7333
7342
7349
7360
7386
7423
7438
7442
7456
7458
7460
7477
7485
7491
7492
7494
7497
7504
7512
7517
7526
7529
7546
7552
7556
7563
7566
7569
7579
7584
7585
7587
7608
7614
7625
7647
7650
7661
7666
7675
7676
7677
7689
7697
7706
7711
7718
7722
7755
7756
7772
7775
7781
7794
7799
7811
7862
7872
7906
7922
7926
7931
7934
7936
7959
7967
7975
7980
7995
8012
8027
8028
8057
8059
8066
8074
8100
8107
8124
8125
8145
8148
8152
8160
8179
8183
8205
8220
8227
8229
8252
8253
8272
8273
8276
8280
8284
8286
8297
8317
8320
8334
8341
8345
8351
8358
8365
8367
8369
8377
8399
8400
8401
8426
8428
8432
8438
8445
8447
8462
8465
8467
8468
8488
8491
8493
8495
8500
8503
8537
8553
8560
8566
8571
8579
8583
8584
8590
8604
8624
8642
8656
8666
8670
8685
8698
8718
8722
8735
8746
8760
8769
8797
8809
8816
8826
8838
8857
8879
8886
8897
8904
8907
8908
8919
8949
8951
8980
8989
8995
9006
9011
9015
9017
9025
9047
9049
9066
9067
9068
9069
9077
9095
9101
9109
9112
9114
9115
9127
9130
9171
9174
9177
9178
9180
9183
9191
9204
9210
9212
9215
9219
9221
9236
9241
9255
9263
9271
9279
9283
9290
9296
9299
9319
9327
9346
9350
9357
9362
9369
9386
9398
9419
9434
9447
9448
9458
9463
9464
9471
9472
9485
9501
9512
9514
9523
9541
9553
9570
9578
9581
9593
9595
9604
9609
9612
9619
9642
9652
9661
9662
9671
9717
9721
9730
9750
9791
9806
9821
9829
9843
9857
9869
9902
9907
9913
9931
9950
9961
9963
9964
9970
9978
9980
10004
10029
10044
10048
10051
10058
10063
10116
10131
10141
10154
10158
10169
10171
10176
10180
10187
10188
10189
10213
10217
10221
10224
10226
10268
10271
10276
10331
10341
10345
10377
10386
10400
10424
10430
10435
10445
10454
10459
10464
10493
10498
10532
10533
10536
10558
10588
10603
10612
10620
10621
10625
10629
10638
10645
10647
10651
10660
10663
10666
10669
10680
10714
10716
10724
10734
10736
10747
10753
10759
10761
10766
10769
10807
10808
10844
10848
10851
10863
10888
10893
10894
10897
10906
10925
10931
10968
10975
10982
10999
11001
11010
11018
11038
11040
11063
11081
11096
11103
11121
11123
11150
11151
11154
11173
11174
11175
11178
11180
11192
11199
11208
11232
11244
11262
11268
11280
11296
11366
11370
11373
11378
11384
11386
11394
11397
11409
11417
11418
11428
11441
11451
11456
11472
11482
11487
11500
11528
11536
11541
11547
11557
11572
11574
11580
11581
11591
11620
11630
11641
11644
11660
11671
11708
11709
11719
11732
11736
11744
11767
11771
11798
11805
11818
11828
11844
11845
11853
11863
11900
11917
11928
11941
11947
11950
11955
11967
11977
11984
11990
12024
12043
12061
12065
12068
12081
12090
12094
12123
12124
12125
12128
12141
12143
12145
12153
12154
12164
12169
12175
12182
12199
12202
12207
12220
12235
12258
12267
12270
12280
12289
12292
12301
12303
12306
12322
12335
12346
12348
12349
12355
12356
12381
12395
12397
12431
12432
12443
12446
12447
12453
12462
12478
12488
12489
12492
12499
12517
12525
12560
12581
12603
12616
12617
12633
12646
12680
12682
12703
12715
12717
12726
12747
12749
12762
12763
12767
12777
12783
12793
12794
12797
12817
12818
12825
12832
12849
12853
12865
12884
12888
12892
12902
12920
12922
12949
12957
12958
12970
12989
12995
13041
13043
13046
13060
13074
13078
13102
13108
13117
13122
13140
13158
13160
13181
13183
13200
13202
13209
13211
13223
13227
13247
13248
13254
13258
13260
13262
13268
13275
13303
13307
13308
13314
13320
13328
13329
13330
13336
13342
13346
13349
13355
13358
13368
13371
13386
13394
13409
13410
13429
13432
13433
13440
13443
13448
13449
13461
13464
13466
13474
13475
13485
13505
13514
13520
13526
13534
13542
13546
13567
13577
13579
13582
13589
13593
13605
13607
13618
13640
13642
13661
13671
13672
13690
13691
13705
13718
13719
13760
13761
13777
13811
13812
13823
13825
13829
13831
13845
13879
13888
13890
13891
13902
13916
13932
13950
13957
13967
13969
13971
13985
13993
14028
14037
14068
14081
14095
14114
14127
14136
14141
14165
14174
14187
14195
14210
14212
14251
14257
14272
14281
14296
14302
14305
14307
14317
14329
14343
14345
14352
14357
14361
14383
14384
14389
14397
14402
14406
14421
14434
14440
14450
14454
14455
14471
14477
14481
14487
14490
14497
14501
14516
14539
14575
14579
14622
14634
14648
14670
14678
14686
14702
14727
14732
14736
14737
14741
14756
14776
14784
14798
14804
14824
14826
14829
14862
14867
14881
14902
14907
14914
14920
14937
14938
14948
14974
14987
14991
14994
15034
15039
15041
15044
15050
15055
15058
15061
15071
15088
15089
15092
15107
15123
15138
15169
15178
15188
15209
15231
15240
15261
15272
15276
15286
15296
15302
15315
15320
15322
15344
15352
15355
15356
15357
15404
15410
15419
15424
15426
15434
15449
15460
15475
15480
15489
15492
15500
15519
15545
15550
15565
15566
15570
15586
15595
15598
15621
15627
15632
15635
15644
15651
15655
15662
15663
15684
15708
15713
15720
15749
15763
15772
15776
15778
15782
15792
15800
15805
15809
15812
15850
15858
15866
15867
15869
15882
15893
15895
15920
15937
15942
15951
15958
15965
15977
15983
16000
16011
16018
16026
16029
16031
16033
16034
16042
16047
16069
16086
16090
16099
16102
16105
16106
16109
16111
16116
16123
16132
16146
16147
16171
16172
16187
16189
16198
16222
16248
16254
16281
16297
16301
16305
16308
16328
16334
16337
16347
16367
16371
16385
16395
16400
16407
16409
16411
16430
16431
16433
16442
16450
16463
16481
16492
16507
16509
16530
16534
16544
16545
16554
16561
16566
16573
16575
16576
16580
16585
16587
16589
16598
16607
16609
16614
16631
16635
16637
16640
16678
16685
16689
16694
16696
16709
16716
16717
16743
16752
16754
16757
16780
16783
16813
16816
16817
16825
16827
16853
16856
16868
16891
16898
16905
16914
16920
16937
16942
16946
16955
16965
16974
16985
16989
16991
16994
16998
17003
17008
17027
17033
17036
17039
17051
17053
17055
17063
17074
17078
17082
17096
17102
17105
17107
17137
17148
17155
17156
17168
17194
17195
17202
17212
17229
17232
17237
17247
17258
17269
17282
17287
17304
17308
17320
17321
17346
17348
17361
17373
17402
17405
17420
17422
17427
17458
17482
17488
17503
17504
17507
17510
17521
17540
17542
17545
17548
17554
17561
17569
17573
17592
17615
17626
17627
17635
17643
17644
17662
17679
17687
17696
17698
17700
17705
17729
17730
17748
17765
17773
17775
17786
17800
17803
17804
17811
17812
17813
17825
17828
17846
17854
17855
17857
17858
17860
17863
17870
17873
17888
17901
17902
17903
17917
17922
17942
17954
17966
17969
17976
17980
17992
17994
18000
18005
18015
18023
18025
18029
18042
18056
18071
18079
18081
18089
18105
18160
18161
18174
18180
18182
18187
18199
18225
18248
18263
18274
18277
18309
18315
18322
18326
18336
18337
18348
18355
18366
18368
18394
18410
18428
18430
18443
18463
18464
18472
18475
18480
18485
18500
18509
18516
18536
18544
18566
18573
18581
18590
18591
18594
18601
18604
18609
18612
18614
18617
18626
18629
18639
18648
18675
18693
18700
18718
18722
18723
18728
18730
18766
18769
18778
18794
18797
18807
18813
18816
18823
18828
18833
18838
18843
18859
18863
18866
18877
18878
18887
18891
18894
18897
18899
18901
18911
18913
18931
18935
18953
18965
18968
19023
19035
19060
19065
19068
19075
19076
19077
19083
19105
19107
19115
19138
19146
19157
19160
19163
19178
19185
19205
19222
19232
19246
19255
19257
19259
19264
19290
19296
19304
19311
19329
19331
19372
19375
19388
19391
19394
19400
19438
19439
